  0   0      -189.4980980   
  0   6      -189.5575680   
  0   12      -189.6043980   
  0   18      -189.6414400   
  0   24      -189.6691060   
  0   30      -189.6885540   
  0   36      -189.7015120   
  0   42      -189.7096860   
  0   48      -189.7144340   
  0   54      -189.7168200   
  0   60      -189.7175500   
  0   66      -189.7170640   
  0   72      -189.7156340   
  0   78      -189.7133800   
  0   84      -189.7101540   
  0   90      -189.7055220   
  0   96      -189.6983540   
  0   102      -189.6865220   
  0   108      -189.6662460   
  0   114      -189.6315120   
  0   120      -189.5721080   
  0   126      -189.4738420   
  0   132      -189.3378060   
  0   138      -189.2422900   
  0   144      -189.2769060   
  0   150      -189.3578380   
  0   156      -189.4236700   
  0   162      -189.4839740   
  0   168      -189.5424220   
  0   174      -189.5925020   
  0   180      -189.6317440   

  6   0      -189.5698760   
  6   6      -189.6107400   
  6   12      -189.6444400   
  6   18      -189.6705620   
  6   24      -189.6895180   
  6   30      -189.7024640   
  6   36      -189.7108460   
  6   42      -189.7158860   
  6   48      -189.7185360   
  6   54      -189.7194680   
  6   60      -189.7191680   
  6   66      -189.7179620   
  6   72      -189.7160520   
  6   78      -189.7134000   
  6   84      -189.7097640   
  6   90      -189.7044980   
  6   96      -189.6961440   
  6   102      -189.6820800   
  6   108      -189.6585460   
  6   114      -189.6201720   
  6   120      -189.5617500   
  6   126      -189.4884260   
  6   132      -189.4331580   
  6   138      -189.4304780   
  6   144      -189.4614720   
  6   150      -189.4978540   
  6   156      -189.5362560   
  6   162      -189.5762660   
  6   168      -189.6130320   
  6   174      -189.6438940   
  6   180      -189.6691060   

  12   0      -189.6187180   
  12   6      -189.6478480   
  12   12      -189.6714760   
  12   18      -189.6892800   
  12   24      -189.7018940   
  12   30      -189.7103880   
  12   36      -189.7156860   
  12   42      -189.7186220   
  12   48      -189.7198100   
  12   54      -189.7197440   
  12   60      -189.7187560   
  12   66      -189.7170900   
  12   72      -189.7148860   
  12   78      -189.7120760   
  12   84      -189.7082400   
  12   90      -189.7026240   
  12   96      -189.6936360   
  12   102      -189.6789580   
  12   108      -189.6559360   
  12   114      -189.6228640   
  12   120      -189.5829220   
  12   126      -189.5492980   
  12   132      -189.5370980   
  12   138      -189.5448420   
  12   144      -189.5618540   
  12   150      -189.5837780   
  12   156      -189.6087640   
  12   162      -189.6337460   
  12   168      -189.6564980   
  12   174      -189.6763960   
  12   180      -189.6932240   

  18   0      -189.6517620   
  18   6      -189.6720220   
  18   12      -189.6880560   
  18   18      -189.6999440   
  18   24      -189.7082940   
  18   30      -189.7137740   
  18   36      -189.7170180   
  18   42      -189.7185280   
  18   48      -189.7186840   
  18   54      -189.7179100   
  18   60      -189.7164700   
  18   66      -189.7145660   
  18   72      -189.7122320   
  18   78      -189.7093820   
  18   84      -189.7056400   
  18   90      -189.7001340   
  18   96      -189.6916540   
  18   102      -189.6787520   
  18   108      -189.6606820   
  18   114      -189.6390780   
  18   120      -189.6191540   
  18   126      -189.6075000   
  18   132      -189.6061700   
  18   138      -189.6122440   
  18   144      -189.6231320   
  18   150      -189.6373000   
  18   156      -189.6529280   
  18   162      -189.6684900   
  18   168      -189.6832480   
  18   174      -189.6965100   
  18   180      -189.7077520   

  24   0      -189.6723660   
  24   6      -189.6860380   
  24   12      -189.6967540   
  24   18      -189.7046780   
  24   24      -189.7101960   
  24   30      -189.7136800   
  24   36      -189.7155100   
  24   42      -189.7159860   
  24   48      -189.7154400   
  24   54      -189.7141840   
  24   60      -189.7124320   
  24   66      -189.7103840   
  24   72      -189.7080820   
  24   78      -189.7054000   
  24   84      -189.7019880   
  24   90      -189.6972800   
  24   96      -189.6904920   
  24   102      -189.6811180   
  24   108      -189.6698220   
  24   114      -189.6586640   
  24   120      -189.6504580   
  24   126      -189.6470220   
  24   132      -189.6480740   
  24   138      -189.6526600   
  24   144      -189.6598520   
  24   150      -189.6688160   
  24   156      -189.6787340   
  24   162      -189.6889300   
  24   168      -189.6988260   
  24   174      -189.7076820   
  24   180      -189.7150540   

  30   0      -189.6833800   
  30   6      -189.6925680   
  30   12      -189.6997700   
  30   18      -189.7051020   
  30   24      -189.7087420   
  30   30      -189.7108360   
  30   36      -189.7116140   
  30   42      -189.7113420   
  30   48      -189.7102540   
  30   54      -189.7086420   
  30   60      -189.7067160   
  30   66      -189.7046300   
  30   72      -189.7024580   
  30   78      -189.7001060   
  30   84      -189.6973140   
  30   90      -189.6938280   
  30   96      -189.6893180   
  30   102      -189.6838680   
  30   108      -189.6781920   
  30   114      -189.6734740   
  30   120      -189.6707440   
  30   126      -189.6703100   
  30   132      -189.6719200   
  30   138      -189.6752660   
  30   144      -189.6800720   
  30   150      -189.6860240   
  30   156      -189.6926840   
  30   162      -189.6996300   
  30   168      -189.7062980   
  30   174      -189.7121720   
  30   180      -189.7169760   

  36   0      -189.6874300   
  36   6      -189.6936380   
  36   12      -189.6985780   
  36   18      -189.7022160   
  36   24      -189.7045380   
  36   30      -189.7056300   
  36   36      -189.7056340   
  36   42      -189.7047680   
  36   48      -189.7032840   
  36   54      -189.7014080   
  36   60      -189.6993680   
  36   66      -189.6973160   
  36   72      -189.6953500   
  36   78      -189.6934180   
  36   84      -189.6914420   
  36   90      -189.6892780   
  36   96      -189.6869180   
  36   102      -189.6845200   
  36   108      -189.6824240   
  36   114      -189.6811100   
  36   120      -189.6808220   
  36   126      -189.6815940   
  36   132      -189.6832920   
  36   138      -189.6859360   
  36   144      -189.6894700   
  36   150      -189.6937200   
  36   156      -189.6984460   
  36   162      -189.7032780   
  36   168      -189.7078240   
  36   174      -189.7117300   
  36   180      -189.7148820   

  42   0      -189.6864660   
  42   6      -189.6908220   
  42   12      -189.6942780   
  42   18      -189.6967360   
  42   24      -189.6980860   
  42   30      -189.6984060   
  42   36      -189.6977940   
  42   42      -189.6964920   
  42   48      -189.6946800   
  42   54      -189.6925940   
  42   60      -189.6904900   
  42   66      -189.6884960   
  42   72      -189.6867820   
  42   78      -189.6852880   
  42   84      -189.6840860   
  42   90      -189.6830780   
  42   96      -189.6823300   
  42   102      -189.6818620   
  42   108      -189.6817900   
  42   114      -189.6821800   
  42   120      -189.6830700   
  42   126      -189.6844320   
  42   132      -189.6862900   
  42   138      -189.6886660   
  42   144      -189.6915400   
  42   150      -189.6948000   
  42   156      -189.6983180   
  42   162      -189.7017980   
  42   168      -189.7049900   
  42   174      -189.7076960   
  42   180      -189.7097960   

  48   0      -189.6819280   
  48   6      -189.6850900   
  48   12      -189.6875420   
  48   18      -189.6891040   
  48   24      -189.6897240   
  48   30      -189.6894020   
  48   36      -189.6883280   
  48   42      -189.6866160   
  48   48      -189.6845580   
  48   54      -189.6823180   
  48   60      -189.6801580   
  48   66      -189.6782360   
  48   72      -189.6767220   
  48   78      -189.6756740   
  48   84      -189.6750560   
  48   90      -189.6749080   
  48   96      -189.6751960   
  48   102      -189.6758660   
  48   108      -189.6768720   
  48   114      -189.6781760   
  48   120      -189.6797540   
  48   126      -189.6815400   
  48   132      -189.6836000   
  48   138      -189.6858740   
  48   144      -189.6884260   
  48   150      -189.6911540   
  48   156      -189.6939200   
  48   162      -189.6965660   
  48   168      -189.6989700   
  48   174      -189.7009380   
  48   180      -189.7023500   

  54   0      -189.6747280   
  54   6      -189.6770920   
  54   12      -189.6787900   
  54   18      -189.6796520   
  54   24      -189.6796620   
  54   30      -189.6788720   
  54   36      -189.6773580   
  54   42      -189.6753420   
  54   48      -189.6730160   
  54   54      -189.6706300   
  54   60      -189.6684280   
  54   66      -189.6665600   
  54   72      -189.6652340   
  54   78      -189.6644600   
  54   84      -189.6643140   
  54   90      -189.6647380   
  54   96      -189.6656580   
  54   102      -189.6669660   
  54   108      -189.6686080   
  54   114      -189.6704720   
  54   120      -189.6724620   
  54   126      -189.6745860   
  54   132      -189.6767860   
  54   138      -189.6791300   
  54   144      -189.6815180   
  54   150      -189.6840060   
  54   156      -189.6864080   
  54   162      -189.6886240   
  54   168      -189.6905520   
  54   174      -189.6920460   
  54   180      -189.6930280   

  60   0      -189.6654700   
  60   6      -189.6672300   
  60   12      -189.6683280   
  60   18      -189.6686760   
  60   24      -189.6681780   
  60   30      -189.6669320   
  60   36      -189.6650480   
  60   42      -189.6627160   
  60   48      -189.6601500   
  60   54      -189.6576200   
  60   60      -189.6553420   
  60   66      -189.6535360   
  60   72      -189.6522980   
  60   78      -189.6517580   
  60   84      -189.6519140   
  60   90      -189.6526960   
  60   96      -189.6539780   
  60   102      -189.6556980   
  60   108      -189.6576960   
  60   114      -189.6599080   
  60   120      -189.6622480   
  60   126      -189.6646420   
  60   132      -189.6670660   
  60   138      -189.6695280   
  60   144      -189.6719760   
  60   150      -189.6743540   
  60   156      -189.6765680   
  60   162      -189.6786060   
  60   168      -189.6802620   
  60   174      -189.6814660   
  60   180      -189.6821340   

  66   0      -189.6545360   
  66   6      -189.6558480   
  66   12      -189.6564740   
  66   18      -189.6563300   
  66   24      -189.6553920   
  66   30      -189.6537460   
  66   36      -189.6515200   
  66   42      -189.6488940   
  66   48      -189.6460860   
  66   54      -189.6433700   
  66   60      -189.6410200   
  66   66      -189.6392100   
  66   72      -189.6380580   
  66   78      -189.6376860   
  66   84      -189.6380280   
  66   90      -189.6390040   
  66   96      -189.6405400   
  66   102      -189.6424960   
  66   108      -189.6447620   
  66   114      -189.6472540   
  66   120      -189.6498520   
  66   126      -189.6525120   
  66   132      -189.6551720   
  66   138      -189.6578300   
  66   144      -189.6603800   
  66   150      -189.6628320   
  66   156      -189.6650500   
  66   162      -189.6669500   
  66   168      -189.6684700   
  66   174      -189.6694640   
  66   180      -189.6698960   

  72   0      -189.6421720   
  72   6      -189.6431000   
  72   12      -189.6433200   
  72   18      -189.6427840   
  72   24      -189.6414420   
  72   30      -189.6393960   
  72   36      -189.6367180   
  72   42      -189.6338520   
  72   48      -189.6307980   
  72   54      -189.6279060   
  72   60      -189.6254840   
  72   66      -189.6236520   
  72   72      -189.6226220   
  72   78      -189.6223360   
  72   84      -189.6228080   
  72   90      -189.6239560   
  72   96      -189.6256340   
  72   102      -189.6277740   
  72   108      -189.6302420   
  72   114      -189.6329340   
  72   120      -189.6357880   
  72   126      -189.6387120   
  72   132      -189.6416360   
  72   138      -189.6445580   
  72   144      -189.6473280   
  72   150      -189.6498740   
  72   156      -189.6521480   
  72   162      -189.6540300   
  72   168      -189.6554320   
  72   174      -189.6563040   
  72   180      -189.6565100   

  78   0      -189.6507680   
  78   6      -189.6505980   
  78   12      -189.6497820   
  78   18      -189.6277860   
  78   24      -189.6464600   
  78   30      -189.6441200   
  78   36      -189.6414600   
  78   42      -189.6387120   
  78   48      -189.6359920   
  78   54      -189.6335140   
  78   60      -189.6314180   
  78   66      -189.6297340   
  78   72      -189.6286640   
  78   78      -189.6051020   
  78   84      -189.6282080   
  78   90      -189.6067420   
  78   96      -189.6088680   
  78   102      -189.6110560   
  78   108      -189.6336920   
  78   114      -189.6165900   
  78   120      -189.6387400   
  78   126      -189.6220000   
  78   132      -189.6262840   
  78   138      -189.6292540   
  78   144      -189.6325040   
  78   150      -189.6347360   
  78   156      -189.6372000   
  78   162      -189.6392600   
  78   168      -189.6407520   
  78   174      -189.6412560   
  78   180      -189.6411180   

  84   0      -189.6176280   
  84   6      -189.6471440   
  84   12      -189.6459200   
  84   18      -189.6441460   
  84   24      -189.6419780   
  84   30      -189.6394260   
  84   36      -189.6365740   
  84   42      -189.6337940   
  84   48      -189.6310460   
  84   54      -189.6285160   
  84   60      -189.6263540   
  84   66      -189.6247340   
  84   72      -189.6235780   
  84   78      -189.6230460   
  84   84      -189.6230560   
  84   90      -189.6236880   
  84   96      -189.6248100   
  84   102      -189.6264780   
  84   108      -189.5984520   
  84   114      -189.6310840   
  84   120      -189.6339020   
  84   126      -189.6369340   
  84   132      -189.6118180   
  84   138      -189.6431640   
  84   144      -189.6461400   
  84   150      -189.6488420   
  84   156      -189.6511480   
  84   162      -189.6529440   
  84   168      -189.6541620   
  84   174      -189.6422760   
  84   180      -189.6272260   

  90   0      -189.6463960   
  90   6      -189.6117060   
  90   12      -189.6439220   
  90   18      -189.6418540   
  90   24      -189.6052780   
  90   30      -189.6014320   
  90   36      -189.6337620   
  90   42      -189.6308620   
  90   48      -189.6210900   
  90   54      -189.6183740   
  90   60      -189.6235120   
  90   66      -189.6137640   
  90   72      -189.6206540   
  90   78      -189.5806780   
  90   84      -189.5809500   
  90   90      -189.6206520   
  90   96      -189.6218160   
  90   102      -189.6234460   
  90   108      -189.6256540   
  90   114      -189.6282860   
  90   120      -189.6312020   
  90   126      -189.6343700   
  90   132      -189.6057980   
  90   138      -189.6409740   
  90   144      -189.6091600   
  90   150      -189.6122940   
  90   156      -189.6490200   
  90   162      -189.6165200   
  90   168      -189.6519000   
  90   174      -189.6435500   
  90   180      -189.6434520   

  96   0      -189.6127360   
  96   6      -189.6458280   
  96   12      -189.6439120   
  96   18      -189.6081300   
  96   24      -189.6390620   
  96   30      -189.6361200   
  96   36      -189.6332460   
  96   42      -189.5938500   
  96   48      -189.6275700   
  96   54      -189.6187280   
  96   60      -189.6227880   
  96   66      -189.6211940   
  96   72      -189.6200100   
  96   78      -189.5807600   
  96   84      -189.5797400   
  96   90      -189.6198820   
  96   96      -189.6211620   
  96   102      -189.6228340   
  96   108      -189.6251340   
  96   114      -189.6278080   
  96   120      -189.6240600   
  96   126      -189.6343800   
  96   132      -189.6376940   
  96   138      -189.6409940   
  96   144      -189.6441420   
  96   150      -189.6392180   
  96   156      -189.6413300   
  96   162      -189.6507900   
  96   168      -189.6518740   
  96   174      -189.6521740   
  96   180      -189.6518100   

  102   0      -189.6498500   
  102   6      -189.6482240   
  102   12      -189.6460760   
  102   18      -189.6436280   
  102   24      -189.6408620   
  102   30      -189.6379680   
  102   36      -189.6349640   
  102   42      -189.5964300   
  102   48      -189.6291620   
  102   54      -189.6267420   
  102   60      -189.6245640   
  102   66      -189.6228660   
  102   72      -189.6216420   
  102   78      -189.6211060   
  102   84      -189.6210960   
  102   90      -189.5832260   
  102   96      -189.6229140   
  102   102      -189.6246680   
  102   108      -189.5905640   
  102   114      -189.5961280   
  102   120      -189.6332280   
  102   126      -189.6007380   
  102   132      -189.6401800   
  102   138      -189.6074320   
  102   144      -189.6466440   
  102   150      -189.6493720   
  102   156      -189.6514920   
  102   162      -189.6530620   
  102   168      -189.6214220   
  102   174      -189.6255020   
  102   180      -189.6537760   

  108   0      -189.6543420   
  108   6      -189.6524600   
  108   12      -189.6501920   
  108   18      -189.6475880   
  108   24      -189.6447520   
  108   30      -189.6418120   
  108   36      -189.6388320   
  108   42      -189.6359140   
  108   48      -189.6331740   
  108   54      -189.6307100   
  108   60      -189.6286220   
  108   66      -189.6269240   
  108   72      -189.6257640   
  108   78      -189.6251520   
  108   84      -189.6251520   
  108   90      -189.6257840   
  108   96      -189.6270860   
  108   102      -189.6289760   
  108   108      -189.6314200   
  108   114      -189.6344220   
  108   120      -189.6377180   
  108   126      -189.6090800   
  108   132      -189.6448380   
  108   138      -189.6482300   
  108   144      -189.6513100   
  108   150      -189.6539400   
  108   156      -189.6559980   
  108   162      -189.6574160   
  108   168      -189.6323360   
  108   174      -189.6582340   
  108   180      -189.6576560   

  114   0      -189.6475020   
  114   6      -189.6444900   
  114   12      -189.6401580   
  114   18      -189.6533700   
  114   24      -189.6505360   
  114   30      -189.6476200   
  114   36      -189.6447260   
  114   42      -189.6418940   
  114   48      -189.6392460   
  114   54      -189.6368440   
  114   60      -189.6347700   
  114   66      -189.6331260   
  114   72      -189.6319840   
  114   78      -189.6313800   
  114   84      -189.6314040   
  114   90      -189.6321240   
  114   96      -189.6334560   
  114   102      -189.6354340   
  114   108      -189.6380060   
  114   114      -189.6410380   
  114   120      -189.6258240   
  114   126      -189.6304540   
  114   132      -189.6347400   
  114   138      -189.6387640   
  114   144      -189.6422060   
  114   150      -189.6449240   
  114   156      -189.6468520   
  114   162      -189.6479040   
  114   168      -189.6482980   
  114   174      -189.6641240   
  114   180      -189.6634300   

  120   0      -189.6612880   
  120   6      -189.6584060   
  120   12      -189.6552780   
  120   18      -189.6520460   
  120   24      -189.6488080   
  120   30      -189.6455880   
  120   36      -189.6424080   
  120   42      -189.6393560   
  120   48      -189.6366080   
  120   54      -189.6340480   
  120   60      -189.6317960   
  120   66      -189.6299400   
  120   72      -189.6285760   
  120   78      -189.6278580   
  120   84      -189.6278280   
  120   90      -189.6286120   
  120   96      -189.6302200   
  120   102      -189.6326420   
  120   108      -189.6357860   
  120   114      -189.6394680   
  120   120      -189.6435320   
  120   126      -189.6476980   
  120   132      -189.6516620   
  120   138      -189.6552860   
  120   144      -189.6583340   
  120   150      -189.6607580   
  120   156      -189.6624360   
  120   162      -189.6633580   
  120   168      -189.6635540   
  120   174      -189.6630800   
  120   180      -189.6620520   

  126   0      -189.6742280   
  126   6      -189.6715220   
  126   12      -189.6686740   
  126   18      -189.6657620   
  126   24      -189.6628480   
  126   30      -189.6600120   
  126   36      -189.6572440   
  126   42      -189.6545840   
  126   48      -189.6520380   
  126   54      -189.6496880   
  126   60      -189.6476260   
  126   66      -189.6459100   
  126   72      -189.6446920   
  126   78      -189.6440460   
  126   84      -189.6440920   
  126   90      -189.6448960   
  126   96      -189.6465200   
  126   102      -189.6488820   
  126   108      -189.6519260   
  126   114      -189.6554320   
  126   120      -189.6592140   
  126   126      -189.6630180   
  126   132      -189.6667360   
  126   138      -189.6700240   
  126   144      -189.6728040   
  126   150      -189.6749420   
  126   156      -189.6764100   
  126   162      -189.6771780   
  126   168      -189.6772700   
  126   174      -189.6768160   
  126   180      -189.6758520   

  132   0      -189.6862340   
  132   6      -189.6837220   
  132   12      -189.6811560   
  132   18      -189.6785600   
  132   24      -189.6760000   
  132   30      -189.6734940   
  132   36      -189.6710600   
  132   42      -189.6686780   
  132   48      -189.6663780   
  132   54      -189.6642460   
  132   60      -189.6623460   
  132   66      -189.6607580   
  132   72      -189.6596440   
  132   78      -189.6590760   
  132   84      -189.6591560   
  132   90      -189.6599920   
  132   96      -189.6615640   
  132   102      -189.6638640   
  132   108      -189.6667400   
  132   114      -189.6700660   
  132   120      -189.6736300   
  132   126      -189.6771840   
  132   132      -189.6805560   
  132   138      -189.6835820   
  132   144      -189.6860940   
  132   150      -189.6880200   
  132   156      -189.6892920   
  132   162      -189.6899500   
  132   168      -189.6900260   
  132   174      -189.6895840   
  132   180      -189.6886920   

  138   0      -189.6971820   
  138   6      -189.6949020   
  138   12      -189.6926220   
  138   18      -189.6903340   
  138   24      -189.6881200   
  138   30      -189.6859320   
  138   36      -189.6837760   
  138   42      -189.6816500   
  138   48      -189.6795480   
  138   54      -189.6775980   
  138   60      -189.6758320   
  138   66      -189.6743760   
  138   72      -189.6733280   
  138   78      -189.6728220   
  138   84      -189.6729620   
  138   90      -189.6737640   
  138   96      -189.6753000   
  138   102      -189.6774760   
  138   108      -189.6802080   
  138   114      -189.6833340   
  138   120      -189.6866620   
  138   126      -189.6899760   
  138   132      -189.6930960   
  138   138      -189.6958620   
  138   144      -189.6981500   
  138   150      -189.6998860   
  138   156      -189.7010140   
  138   162      -189.7015820   
  138   168      -189.7016420   
  138   174      -189.7012480   
  138   180      -189.7004840   

  144   0      -189.7069620   
  144   6      -189.7049460   
  144   12      -189.7029280   
  144   18      -189.7009820   
  144   24      -189.6990660   
  144   30      -189.6971720   
  144   36      -189.6953000   
  144   42      -189.6933740   
  144   48      -189.6914840   
  144   54      -189.6896600   
  144   60      -189.6880000   
  144   66      -189.6866300   
  144   72      -189.6856380   
  144   78      -189.6851700   
  144   84      -189.6853080   
  144   90      -189.6860780   
  144   96      -189.6875540   
  144   102      -189.6896280   
  144   108      -189.6922140   
  144   114      -189.6951400   
  144   120      -189.6982520   
  144   126      -189.7013360   
  144   132      -189.7042040   
  144   138      -189.7067380   
  144   144      -189.7088220   
  144   150      -189.7103820   
  144   156      -189.7114220   
  144   162      -189.7119700   
  144   168      -189.7120120   
  144   174      -189.7117040   
  144   180      -189.7110820   

  150   0      -189.7154780   
  150   6      -189.7137300   
  150   12      -189.7120360   
  150   18      -189.7103700   
  150   24      -189.7087600   
  150   30      -189.7071320   
  150   36      -189.7054800   
  150   42      -189.7037620   
  150   48      -189.7020300   
  150   54      -189.7003060   
  150   60      -189.6987320   
  150   66      -189.6974160   
  150   72      -189.6964900   
  150   78      -189.6960240   
  150   84      -189.6961400   
  150   90      -189.6968640   
  150   96      -189.6982500   
  150   102      -189.7002000   
  150   108      -189.7026300   
  150   114      -189.7054100   
  150   120      -189.7082940   
  150   126      -189.7111660   
  150   132      -189.7138200   
  150   138      -189.7161560   
  150   144      -189.7180680   
  150   150      -189.7195040   
  150   156      -189.7204840   
  150   162      -189.7210060   
  150   168      -189.7211000   
  150   174      -189.7208800   
  150   180      -189.7203880   

  156   0      -189.7226720   
  156   6      -189.7212000   
  156   12      -189.7198180   
  156   18      -189.7184460   
  156   24      -189.7171120   
  156   30      -189.7157300   
  156   36      -189.7142520   
  156   42      -189.7127060   
  156   48      -189.7110760   
  156   54      -189.7094340   
  156   60      -189.7079420   
  156   66      -189.7066740   
  156   72      -189.7057220   
  156   78      -189.7052500   
  156   84      -189.7053560   
  156   90      -189.7060380   
  156   96      -189.7073080   
  156   102      -189.7091700   
  156   108      -189.7114340   
  156   114      -189.7140120   
  156   120      -189.7167040   
  156   126      -189.7193740   
  156   132      -189.7218640   
  156   138      -189.7240380   
  156   144      -189.7258340   
  156   150      -189.7271760   
  156   156      -189.7281060   
  156   162      -189.7286140   
  156   168      -189.7287940   
  156   174      -189.7286840   
  156   180      -189.7283620   

  162   0      -189.7284800   
  162   6      -189.7272880   
  162   12      -189.7261960   
  162   18      -189.7251380   
  162   24      -189.7240080   
  162   30      -189.7228600   
  162   36      -189.7215440   
  162   42      -189.7201000   
  162   48      -189.7185700   
  162   54      -189.7169900   
  162   60      -189.7155120   
  162   66      -189.7142660   
  162   72      -189.7133020   
  162   78      -189.7128000   
  162   84      -189.7128340   
  162   90      -189.7134660   
  162   96      -189.7146540   
  162   102      -189.7163700   
  162   108      -189.7184960   
  162   114      -189.7209240   
  162   120      -189.7234600   
  162   126      -189.7259580   
  162   132      -189.7282600   
  162   138      -189.7303000   
  162   144      -189.7319980   
  162   150      -189.7332720   
  162   156      -189.7341720   
  162   162      -189.7347520   
  162   168      -189.7350320   
  162   174      -189.7350680   
  162   180      -189.7349120   

  168   0      -189.7327960   
  168   6      -189.7319240   
  168   12      -189.7311200   
  168   18      -189.7302940   
  168   24      -189.7294240   
  168   30      -189.7284500   
  168   36      -189.7272880   
  168   42      -189.7259580   
  168   48      -189.7244620   
  168   54      -189.7229300   
  168   60      -189.7214540   
  168   66      -189.7201580   
  168   72      -189.7191620   
  168   78      -189.7186380   
  168   84      -189.7185960   
  168   90      -189.7191360   
  168   96      -189.7202260   
  168   102      -189.7218580   
  168   108      -189.7238260   
  168   114      -189.7260960   
  168   120      -189.7284780   
  168   126      -189.7308060   
  168   132      -189.7329840   
  168   138      -189.7349280   
  168   144      -189.7365300   
  168   150      -189.7378020   
  168   156      -189.7387340   
  168   162      -189.7393600   
  168   168      -189.7397740   
  168   174      -189.7399420   
  168   180      -189.7399560   

  174   0      -189.7356640   
  174   6      -189.7350800   
  174   12      -189.7345180   
  174   18      -189.7339720   
  174   24      -189.7333160   
  174   30      -189.7324820   
  174   36      -189.7314220   
  174   42      -189.7301360   
  174   48      -189.7286760   
  174   54      -189.7271240   
  174   60      -189.7256140   
  174   66      -189.7242940   
  174   72      -189.7232620   
  174   78      -189.7226480   
  174   84      -189.7225420   
  174   90      -189.7229840   
  174   96      -189.7239940   
  174   102      -189.7254760   
  174   108      -189.7273500   
  174   114      -189.7294460   
  174   120      -189.7317140   
  174   126      -189.7339340   
  174   132      -189.7360160   
  174   138      -189.7378580   
  174   144      -189.7394420   
  174   150      -189.7407040   
  174   156      -189.7417080   
  174   162      -189.7424400   
  174   168      -189.7429640   
  174   174      -189.7433040   
  174   180      -189.7434900   

  180   0      -189.7370000   
  180   6      -189.7367120   
  180   12      -189.7364240   
  180   18      -189.7360980   
  180   24      -189.7356020   
  180   30      -189.7348720   
  180   36      -189.7338960   
  180   42      -189.7326460   
  180   48      -189.7311800   
  180   54      -189.7296020   
  180   60      -189.7280300   
  180   66      -189.7266320   
  180   72      -189.7255300   
  180   78      -189.7248220   
  180   84      -189.7246340   
  180   90      -189.7249920   
  180   96      -189.7259100   
  180   102      -189.7272760   
  180   108      -189.7290480   
  180   114      -189.7310420   
  180   120      -189.7331740   
  180   126      -189.7353160   
  180   132      -189.7373240   
  180   138      -189.7391420   
  180   144      -189.7406960   
  180   150      -189.7420040   
  180   156      -189.7430680   
  180   162      -189.7439180   
  180   168      -189.7445900   
  180   174      -189.7451060   
  180   180      -189.7454700   

